0.0000  0.0000  1.0000
0.0100  0.0100  1.0000
0.0200  0.0200  0.9998
0.0300  0.0300  0.9996
0.0400  0.0400  0.9992
0.0500  0.0500  0.9988
0.0600  0.0600  0.9982
0.0700  0.0699  0.9976
0.0800  0.0799  0.9968
0.0900  0.0899  0.9960
0.1000  0.0998  0.9950
0.1100  0.1098  0.9940
0.1200  0.1197  0.9928
0.1300  0.1296  0.9916
0.1400  0.1395  0.9902
0.1500  0.1494  0.9888
0.1600  0.1593  0.9872
0.1700  0.1692  0.9856
0.1800  0.1790  0.9838
0.1900  0.1889  0.9820
0.2000  0.1987  0.9801
0.2100  0.2085  0.9780
0.2200  0.2182  0.9759
0.2300  0.2280  0.9737
0.2400  0.2377  0.9713
0.2500  0.2474  0.9689
0.2600  0.2571  0.9664
0.2700  0.2667  0.9638
0.2800  0.2764  0.9611
0.2900  0.2860  0.9582
0.3000  0.2955  0.9553
0.3100  0.3051  0.9523
0.3200  0.3146  0.9492
0.3300  0.3240  0.9460
0.3400  0.3335  0.9428
0.3500  0.3429  0.9394
0.3600  0.3523  0.9359
0.3700  0.3616  0.9323
0.3800  0.3709  0.9287
0.3900  0.3802  0.9249
0.4000  0.3894  0.9211
0.4100  0.3986  0.9171
0.4200  0.4078  0.9131
0.4300  0.4169  0.9090
0.4400  0.4259  0.9048
0.4500  0.4350  0.9004
0.4600  0.4439  0.8961
0.4700  0.4529  0.8916
0.4800  0.4618  0.8870
0.4900  0.4706  0.8823
0.5000  0.4794  0.8776
0.5100  0.4882  0.8727
0.5200  0.4969  0.8678
0.5300  0.5055  0.8628
0.5400  0.5141  0.8577
0.5500  0.5227  0.8525
0.5600  0.5312  0.8473
0.5700  0.5396  0.8419
0.5800  0.5480  0.8365
0.5900  0.5564  0.8309
0.6000  0.5646  0.8253
0.6100  0.5729  0.8196
0.6200  0.5810  0.8139
0.6300  0.5891  0.8080
0.6400  0.5972  0.8021
0.6500  0.6052  0.7961
0.6600  0.6131  0.7900
0.6700  0.6210  0.7838
0.6800  0.6288  0.7776
0.6900  0.6365  0.7712
0.7000  0.6442  0.7648
0.7100  0.6518  0.7584
0.7200  0.6594  0.7518
0.7300  0.6669  0.7452
0.7400  0.6743  0.7385
0.7500  0.6816  0.7317
0.7600  0.6889  0.7248
0.7700  0.6961  0.7179
0.7800  0.7033  0.7109
0.7900  0.7104  0.7038
0.8000  0.7174  0.6967
0.8100  0.7243  0.6895
0.8200  0.7311  0.6822
0.8300  0.7379  0.6749
0.8400  0.7446  0.6675
0.8500  0.7513  0.6600
0.8600  0.7578  0.6524
0.8700  0.7643  0.6448
0.8800  0.7707  0.6372
0.8900  0.7771  0.6294
0.9000  0.7833  0.6216
0.9100  0.7895  0.6137
0.9200  0.7956  0.6058
0.9300  0.8016  0.5978
0.9400  0.8076  0.5898
0.9500  0.8134  0.5817
0.9600  0.8192  0.5735
0.9700  0.8249  0.5653
0.9800  0.8305  0.5570
0.9900  0.8360  0.5487
1.0000  0.8415  0.5403
1.0100  0.8468  0.5319
1.0200  0.8521  0.5234
1.0300  0.8573  0.5148
1.0400  0.8624  0.5062
1.0500  0.8674  0.4976
1.0600  0.8724  0.4889
1.0700  0.8772  0.4801
1.0800  0.8820  0.4713
1.0900  0.8866  0.4625
1.1000  0.8912  0.4536
1.1100  0.8957  0.4447
1.1200  0.9001  0.4357
1.1300  0.9044  0.4267
1.1400  0.9086  0.4176
1.1500  0.9128  0.4085
1.1600  0.9168  0.3993
1.1700  0.9208  0.3902
1.1800  0.9246  0.3809
1.1900  0.9284  0.3717
1.2000  0.9320  0.3624
1.2100  0.9356  0.3530
1.2200  0.9391  0.3436
1.2300  0.9425  0.3342
1.2400  0.9458  0.3248
1.2500  0.9490  0.3153
1.2600  0.9521  0.3058
1.2700  0.9551  0.2963
1.2800  0.9580  0.2867
1.2900  0.9608  0.2771
1.3000  0.9636  0.2675
1.3100  0.9662  0.2579
1.3200  0.9687  0.2482
1.3300  0.9711  0.2385
1.3400  0.9735  0.2288
1.3500  0.9757  0.2190
1.3600  0.9779  0.2092
1.3700  0.9799  0.1994
1.3800  0.9819  0.1896
1.3900  0.9837  0.1798
1.4000  0.9854  0.1700
1.4100  0.9871  0.1601
1.4200  0.9887  0.1502
1.4300  0.9901  0.1403
1.4400  0.9915  0.1304
1.4500  0.9927  0.1205
1.4600  0.9939  0.1106
1.4700  0.9949  0.1006
1.4800  0.9959  0.0907
1.4900  0.9967  0.0807
1.5000  0.9975  0.0707
1.5100  0.9982  0.0608
1.5200  0.9987  0.0508
1.5300  0.9992  0.0408
1.5400  0.9995  0.0308
1.5500  0.9998  0.0208
1.5600  0.9999  0.0108
1.5700  1.0000  0.0008
1.5800  1.0000 -0.0092
1.5900  0.9998 -0.0192
1.6000  0.9996 -0.0292
1.6100  0.9992 -0.0392
1.6200  0.9988 -0.0492
1.6300  0.9982 -0.0592
1.6400  0.9976 -0.0691
1.6500  0.9969 -0.0791
1.6600  0.9960 -0.0891
1.6700  0.9951 -0.0990
1.6800  0.9940 -0.1090
1.6900  0.9929 -0.1189
1.7000  0.9917 -0.1288
1.7100  0.9903 -0.1388
1.7200  0.9889 -0.1487
1.7300  0.9874 -0.1585
1.7400  0.9857 -0.1684
1.7500  0.9840 -0.1782
1.7600  0.9822 -0.1881
1.7700  0.9802 -0.1979
1.7800  0.9782 -0.2077
1.7900  0.9761 -0.2175
1.8000  0.9738 -0.2272
1.8100  0.9715 -0.2369
1.8200  0.9691 -0.2466
1.8300  0.9666 -0.2563
1.8400  0.9640 -0.2660
1.8500  0.9613 -0.2756
1.8600  0.9585 -0.2852
1.8700  0.9556 -0.2948
1.8800  0.9526 -0.3043
1.8900  0.9495 -0.3138
1.9000  0.9463 -0.3233
1.9100  0.9430 -0.3327
1.9200  0.9396 -0.3421
1.9300  0.9362 -0.3515
1.9400  0.9326 -0.3609
1.9500  0.9290 -0.3702
1.9600  0.9252 -0.3795
1.9700  0.9214 -0.3887
1.9800  0.9174 -0.3979
1.9900  0.9134 -0.4070
2.0000  0.9093 -0.4161
2.0100  0.9051 -0.4252
2.0200  0.9008 -0.4342
2.0300  0.8964 -0.4432
2.0400  0.8919 -0.4522
2.0500  0.8874 -0.4611
2.0600  0.8827 -0.4699
2.0700  0.8780 -0.4787
2.0800  0.8731 -0.4875
2.0900  0.8682 -0.4962
2.1000  0.8632 -0.5048
2.1100  0.8581 -0.5135
2.1200  0.8529 -0.5220
2.1300  0.8477 -0.5305
2.1400  0.8423 -0.5390
2.1500  0.8369 -0.5474
2.1600  0.8314 -0.5557
2.1700  0.8258 -0.5640
2.1800  0.8201 -0.5722
2.1900  0.8143 -0.5804
2.2000  0.8085 -0.5885
2.2100  0.8026 -0.5966
2.2200  0.7966 -0.6046
2.2300  0.7905 -0.6125
2.2400  0.7843 -0.6204
2.2500  0.7781 -0.6282
2.2600  0.7718 -0.6359
2.2700  0.7654 -0.6436
2.2800  0.7589 -0.6512
2.2900  0.7523 -0.6588
2.3000  0.7457 -0.6663
2.3100  0.7390 -0.6737
2.3200  0.7322 -0.6811
2.3300  0.7254 -0.6883
2.3400  0.7185 -0.6956
2.3500  0.7115 -0.7027
2.3600  0.7044 -0.7098
2.3700  0.6973 -0.7168
2.3800  0.6901 -0.7237
2.3900  0.6828 -0.7306
2.4000  0.6755 -0.7374
2.4100  0.6681 -0.7441
2.4200  0.6606 -0.7508
2.4300  0.6530 -0.7573
2.4400  0.6454 -0.7638
2.4500  0.6378 -0.7702
2.4600  0.6300 -0.7766
2.4700  0.6222 -0.7828
2.4800  0.6144 -0.7890
2.4900  0.6065 -0.7951
2.5000  0.5985 -0.8011
2.5100  0.5904 -0.8071
2.5200  0.5823 -0.8130
2.5300  0.5742 -0.8187
2.5400  0.5660 -0.8244
2.5500  0.5577 -0.8301
2.5600  0.5494 -0.8356
2.5700  0.5410 -0.8410
2.5800  0.5325 -0.8464
2.5900  0.5240 -0.8517
2.6000  0.5155 -0.8569
2.6100  0.5069 -0.8620
2.6200  0.4983 -0.8670
2.6300  0.4896 -0.8720
2.6400  0.4808 -0.8768
2.6500  0.4720 -0.8816
2.6600  0.4632 -0.8863
2.6700  0.4543 -0.8908
2.6800  0.4454 -0.8953
2.6900  0.4364 -0.8998
2.7000  0.4274 -0.9041
2.7100  0.4183 -0.9083
2.7200  0.4092 -0.9124
2.7300  0.4001 -0.9165
2.7400  0.3909 -0.9204
2.7500  0.3817 -0.9243
2.7600  0.3724 -0.9281
2.7700  0.3631 -0.9318
2.7800  0.3538 -0.9353
2.7900  0.3444 -0.9388
2.8000  0.3350 -0.9422
2.8100  0.3255 -0.9455
2.8200  0.3161 -0.9487
2.8300  0.3066 -0.9518
2.8400  0.2970 -0.9549
2.8500  0.2875 -0.9578
2.8600  0.2779 -0.9606
2.8700  0.2683 -0.9633
2.8800  0.2586 -0.9660
2.8900  0.2489 -0.9685
2.9000  0.2392 -0.9710
2.9100  0.2295 -0.9733
2.9200  0.2198 -0.9755
2.9300  0.2100 -0.9777
2.9400  0.2002 -0.9797
2.9500  0.1904 -0.9817
2.9600  0.1806 -0.9836
2.9700  0.1708 -0.9853
2.9800  0.1609 -0.9870
2.9900  0.1510 -0.9885
3.0000  0.1411 -0.9900
3.0100  0.1312 -0.9914
3.0200  0.1213 -0.9926
3.0300  0.1114 -0.9938
3.0400  0.1014 -0.9948
3.0500  0.0915 -0.9958
3.0600  0.0815 -0.9967
3.0700  0.0715 -0.9974
3.0800  0.0616 -0.9981
3.0900  0.0516 -0.9987
3.1000  0.0416 -0.9991
3.1100  0.0316 -0.9995
3.1200  0.0216 -0.9998
3.1300  0.0116 -0.9999
3.1400  0.0016 -1.0000
3.1500 -0.0084 -1.0000
3.1600 -0.0184 -0.9998
3.1700 -0.0284 -0.9996
3.1800 -0.0384 -0.9993
3.1900 -0.0484 -0.9988
3.2000 -0.0584 -0.9983
3.2100 -0.0684 -0.9977
3.2200 -0.0783 -0.9969
3.2300 -0.0883 -0.9961
3.2400 -0.0982 -0.9952
3.2500 -0.1082 -0.9941
3.2600 -0.1181 -0.9930
3.2700 -0.1281 -0.9918
3.2800 -0.1380 -0.9904
3.2900 -0.1479 -0.9890
3.3000 -0.1577 -0.9875
3.3100 -0.1676 -0.9859
3.3200 -0.1775 -0.9841
3.3300 -0.1873 -0.9823
3.3400 -0.1971 -0.9804
3.3500 -0.2069 -0.9784
3.3600 -0.2167 -0.9762
3.3700 -0.2264 -0.9740
3.3800 -0.2362 -0.9717
3.3900 -0.2459 -0.9693
3.4000 -0.2555 -0.9668
3.4100 -0.2652 -0.9642
3.4200 -0.2748 -0.9615
3.4300 -0.2844 -0.9587
3.4400 -0.2940 -0.9558
3.4500 -0.3035 -0.9528
3.4600 -0.3131 -0.9497
3.4700 -0.3225 -0.9466
3.4800 -0.3320 -0.9433
3.4900 -0.3414 -0.9399
3.5000 -0.3508 -0.9365
3.5100 -0.3601 -0.9329
3.5200 -0.3694 -0.9293
3.5300 -0.3787 -0.9255
3.5400 -0.3880 -0.9217
3.5500 -0.3971 -0.9178
3.5600 -0.4063 -0.9137
3.5700 -0.4154 -0.9096
3.5800 -0.4245 -0.9054
3.5900 -0.4335 -0.9011
3.6000 -0.4425 -0.8968
3.6100 -0.4515 -0.8923
3.6200 -0.4604 -0.8877
3.6300 -0.4692 -0.8831
3.6400 -0.4780 -0.8783
3.6500 -0.4868 -0.8735
3.6600 -0.4955 -0.8686
3.6700 -0.5042 -0.8636
3.6800 -0.5128 -0.8585
3.6900 -0.5213 -0.8534
3.7000 -0.5298 -0.8481
3.7100 -0.5383 -0.8428
3.7200 -0.5467 -0.8373
3.7300 -0.5550 -0.8318
3.7400 -0.5633 -0.8262
3.7500 -0.5716 -0.8206
3.7600 -0.5797 -0.8148
3.7700 -0.5879 -0.8090
3.7800 -0.5959 -0.8030
3.7900 -0.6039 -0.7970
3.8000 -0.6119 -0.7910
3.8100 -0.6197 -0.7848
3.8200 -0.6276 -0.7786
3.8300 -0.6353 -0.7723
3.8400 -0.6430 -0.7659
3.8500 -0.6506 -0.7594
3.8600 -0.6582 -0.7529
3.8700 -0.6657 -0.7462
3.8800 -0.6731 -0.7395
3.8900 -0.6805 -0.7328
3.9000 -0.6878 -0.7259
3.9100 -0.6950 -0.7190
3.9200 -0.7021 -0.7120
3.9300 -0.7092 -0.7050
3.9400 -0.7162 -0.6978
3.9500 -0.7232 -0.6907
3.9600 -0.7301 -0.6834
3.9700 -0.7369 -0.6761
3.9800 -0.7436 -0.6686
3.9900 -0.7502 -0.6612
4.0000 -0.7568 -0.6536
4.0100 -0.7633 -0.6460
4.0200 -0.7697 -0.6384
4.0300 -0.7761 -0.6306
4.0400 -0.7823 -0.6229
4.0500 -0.7885 -0.6150
4.0600 -0.7946 -0.6071
4.0700 -0.8007 -0.5991
4.0800 -0.8066 -0.5911
4.0900 -0.8125 -0.5830
4.1000 -0.8183 -0.5748
4.1100 -0.8240 -0.5666
4.1200 -0.8296 -0.5583
4.1300 -0.8352 -0.5500
4.1400 -0.8406 -0.5416
4.1500 -0.8460 -0.5332
4.1600 -0.8513 -0.5247
4.1700 -0.8565 -0.5162
4.1800 -0.8616 -0.5076
4.1900 -0.8666 -0.4990
4.2000 -0.8716 -0.4903
4.2100 -0.8764 -0.4815
4.2200 -0.8812 -0.4727
4.2300 -0.8859 -0.4639
4.2400 -0.8905 -0.4550
4.2500 -0.8950 -0.4461
4.2600 -0.8994 -0.4371
4.2700 -0.9037 -0.4281
4.2800 -0.9080 -0.4190
4.2900 -0.9121 -0.4099
4.3000 -0.9162 -0.4008
4.3100 -0.9201 -0.3916
4.3200 -0.9240 -0.3824
4.3300 -0.9278 -0.3731
4.3400 -0.9315 -0.3638
4.3500 -0.9351 -0.3545
4.3600 -0.9386 -0.3451
4.3700 -0.9420 -0.3357
4.3800 -0.9453 -0.3263
4.3900 -0.9485 -0.3168
4.4000 -0.9516 -0.3073
4.4100 -0.9546 -0.2978
4.4200 -0.9576 -0.2882
4.4300 -0.9604 -0.2787
4.4400 -0.9631 -0.2690
4.4500 -0.9658 -0.2594
4.4600 -0.9683 -0.2497
4.4700 -0.9708 -0.2400
4.4800 -0.9731 -0.2303
4.4900 -0.9754 -0.2206
4.5000 -0.9775 -0.2108
4.5100 -0.9796 -0.2010
4.5200 -0.9816 -0.1912
4.5300 -0.9834 -0.1814
4.5400 -0.9852 -0.1715
4.5500 -0.9868 -0.1617
4.5600 -0.9884 -0.1518
4.5700 -0.9899 -0.1419
4.5800 -0.9912 -0.1320
4.5900 -0.9925 -0.1221
4.6000 -0.9937 -0.1122
4.6100 -0.9948 -0.1022
4.6200 -0.9957 -0.0923
4.6300 -0.9966 -0.0823
4.6400 -0.9974 -0.0723
4.6500 -0.9981 -0.0623
4.6600 -0.9986 -0.0524
4.6700 -0.9991 -0.0424
4.6800 -0.9995 -0.0324
4.6900 -0.9997 -0.0224
4.7000 -0.9999 -0.0124
4.7100 -1.0000 -0.0024
4.7200 -1.0000  0.0076
4.7300 -0.9998  0.0176
4.7400 -0.9996  0.0276
4.7500 -0.9993  0.0376
4.7600 -0.9989  0.0476
4.7700 -0.9983  0.0576
4.7800 -0.9977  0.0676
4.7900 -0.9970  0.0775
4.8000 -0.9962  0.0875
4.8100 -0.9952  0.0975
4.8200 -0.9942  0.1074
4.8300 -0.9931  0.1173
4.8400 -0.9919  0.1273
4.8500 -0.9905  0.1372
4.8600 -0.9891  0.1471
4.8700 -0.9876  0.1570
4.8800 -0.9860  0.1668
4.8900 -0.9843  0.1767
4.9000 -0.9825  0.1865
4.9100 -0.9805  0.1963
4.9200 -0.9785  0.2061
4.9300 -0.9764  0.2159
4.9400 -0.9742  0.2257
4.9500 -0.9719  0.2354
4.9600 -0.9695  0.2451
4.9700 -0.9670  0.2548
4.9800 -0.9644  0.2644
4.9900 -0.9617  0.2741
5.0000 -0.9589  0.2837
5.0100 -0.9560  0.2932
5.0200 -0.9531  0.3028
5.0300 -0.9500  0.3123
5.0400 -0.9468  0.3218
5.0500 -0.9435  0.3312
5.0600 -0.9402  0.3407
5.0700 -0.9367  0.3500
5.0800 -0.9332  0.3594
5.0900 -0.9295  0.3687
5.1000 -0.9258  0.3780
5.1100 -0.9220  0.3872
5.1200 -0.9181  0.3964
5.1300 -0.9141  0.4056
5.1400 -0.9100  0.4147
5.1500 -0.9058  0.4238
5.1600 -0.9015  0.4328
5.1700 -0.8971  0.4418
5.1800 -0.8926  0.4508
5.1900 -0.8881  0.4597
5.2000 -0.8835  0.4685
5.2100 -0.8787  0.4773
5.2200 -0.8739  0.4861
5.2300 -0.8690  0.4948
5.2400 -0.8640  0.5035
5.2500 -0.8589  0.5121
5.2600 -0.8538  0.5206
5.2700 -0.8485  0.5292
5.2800 -0.8432  0.5376
5.2900 -0.8378  0.5460
5.3000 -0.8323  0.5544
5.3100 -0.8267  0.5627
5.3200 -0.8210  0.5709
5.3300 -0.8153  0.5791
5.3400 -0.8094  0.5872
5.3500 -0.8035  0.5953
5.3600 -0.7975  0.6033
5.3700 -0.7915  0.6112
5.3800 -0.7853  0.6191
5.3900 -0.7791  0.6269
5.4000 -0.7728  0.6347
5.4100 -0.7664  0.6424
5.4200 -0.7599  0.6500
5.4300 -0.7534  0.6576
5.4400 -0.7468  0.6651
5.4500 -0.7401  0.6725
5.4600 -0.7333  0.6799
5.4700 -0.7265  0.6872
5.4800 -0.7196  0.6944
5.4900 -0.7126  0.7016
5.5000 -0.7055  0.7087
5.5100 -0.6984  0.7157
5.5200 -0.6912  0.7226
5.5300 -0.6840  0.7295
5.5400 -0.6766  0.7363
5.5500 -0.6692  0.7430
5.5600 -0.6618  0.7497
5.5700 -0.6542  0.7563
5.5800 -0.6467  0.7628
5.5900 -0.6390  0.7692
5.6000 -0.6313  0.7756
5.6100 -0.6235  0.7818
5.6200 -0.6156  0.7880
5.6300 -0.6077  0.7942
5.6400 -0.5997  0.8002
5.6500 -0.5917  0.8061
5.6600 -0.5836  0.8120
5.6700 -0.5755  0.8178
5.6800 -0.5673  0.8235
5.6900 -0.5590  0.8292
5.7000 -0.5507  0.8347
5.7100 -0.5423  0.8402
5.7200 -0.5339  0.8456
5.7300 -0.5254  0.8509
5.7400 -0.5169  0.8561
5.7500 -0.5083  0.8612
5.7600 -0.4996  0.8662
5.7700 -0.4910  0.8712
5.7800 -0.4822  0.8761
5.7900 -0.4734  0.8808
5.8000 -0.4646  0.8855
5.8100 -0.4557  0.8901
5.8200 -0.4468  0.8946
5.8300 -0.4378  0.8991
5.8400 -0.4288  0.9034
5.8500 -0.4198  0.9076
5.8600 -0.4107  0.9118
5.8700 -0.4015  0.9158
5.8800 -0.3924  0.9198
5.8900 -0.3831  0.9237
5.9000 -0.3739  0.9275
5.9100 -0.3646  0.9312
5.9200 -0.3553  0.9348
5.9300 -0.3459  0.9383
5.9400 -0.3365  0.9417
5.9500 -0.3271  0.9450
5.9600 -0.3176  0.9482
5.9700 -0.3081  0.9514
5.9800 -0.2986  0.9544
5.9900 -0.2890  0.9573
6.0000 -0.2794  0.9602
6.0100 -0.2698  0.9629
6.0200 -0.2602  0.9656
6.0300 -0.2505  0.9681
6.0400 -0.2408  0.9706
6.0500 -0.2311  0.9729
6.0600 -0.2213  0.9752
6.0700 -0.2116  0.9774
6.0800 -0.2018  0.9794
6.0900 -0.1920  0.9814
6.1000 -0.1822  0.9833
6.1100 -0.1723  0.9850
6.1200 -0.1625  0.9867
6.1300 -0.1526  0.9883
6.1400 -0.1427  0.9898
6.1500 -0.1328  0.9911
6.1600 -0.1229  0.9924
6.1700 -0.1129  0.9936
6.1800 -0.1030  0.9947
6.1900 -0.0931  0.9957
6.2000 -0.0831  0.9965
6.2100 -0.0731  0.9973
6.2200 -0.0631  0.9980
6.2300 -0.0532  0.9986
6.2400 -0.0432  0.9991
6.2500 -0.0332  0.9994
6.2600 -0.0232  0.9997
6.2700 -0.0132  0.9999
6.2800 -0.0032  1.0000
